111094106490
111142716745
111171946931
111256426934
111327127106
111331627905
111335277959
111335565914
111403963650
120620127775
120639703521
120907761921
120948876473
120948884841
120949513521
130729370085
130729382894
130995144900
130995145326
131093454168
131138170278
131171747172
131190999911
131317061009
131495129101
131539538407
131543507684
131597882862
131599318735
131600116692
131742423566
131750445755
131758895118
131768646499
131768872319
131769793886
131771688862
131773655772
131779160632
131779293301
131789349518
131901933549
131931683431
131973664148
132077699523
132097238574
132105412463
132127484834
132149974240
132225728252
132232336103
132232341444
132232466412
132232468909
132234558870
132234776205
132235659374
132235682731
132236083875
132236159688
132240086485
132250715877
132264554555
132272108215
132306615639
132311166668
132311178952
132312302555
132312577912
132320671675
132320678876
132325969167
132329168040
132484069419
132485799561
132493909347
132499531230
132504229693
132511877125
132516505845
132516509513
132522919404
132522957873
132543197666
132543476451
132597485021
132605905340
132705782021
132884182429
132887086976
132895275683
132914615230
132915329776
132915337892
132921753217
132927982298
132950232191
132957605736
132957606305
132967583992
132970007233
132990429356
133004485820
133024346660
133033899076
133043482489
133045239769
133047407670
133058372673
133074109285
133083298086
133084421688
133085672221
133132074626
133165319094
133166231355
133168418144
133169421683
133170599663
133183505924
133188056691
133188989591
133190497517
133203123179
133244884242
133255942417
133255966099
133256460510
133257559479
133259616225
133260372029
133260731119
133265648615
133265658247
133275465910
133299036688
133299984549
133305620749
133311857011
133312564049
133312599593
133312615521
133312633749
133313526654
133318184218
133319217301
133320249710
133320293183
133320303037
133320456323
133324901718
133325672748
133325681944
133325703897
133325704760
133325708505
133325710688
133325752806
133326390406
133326435333
133326467079
133326529941
133326530027
133330832034
133368024502
133368047202
133368152806
133369016188
133388654412
133390158133
133390237008
133392365324
133402257206
133402375008
133408459597
133441602592
133459616628
133465537659
133466356335
133466405165
133474446924
133475773699
133483761075
133496195783
133497887672
133497940759
133497958374
133499480038
133510442694
133510478842
133510587701
133514535975
133516270442
133518904139
133520229063
133521206637
133521332212
133522310257
133522859519
133525400509
133526856882
133527721104
133527808431
133527826485
133534489900
133534603761
133539823685
133540606807
133541189492
133541201890
133544144724
133549728955
133553818343
133585860877
133589693352
133590021341
133590111029
133598396847
133609106532
133622896745
133627917486
133633452851
133645769824
133645843448
133645912969
133645984378
133648332050
133648332146
133648332211
133648332356
133648332405
133648332469
133648332492
133648332616
133648396885
133648396932
133648397045
133648397203
133648466600
133648466624
133648466904
133661716195
133661770845
133665894475
133665894772
133665895055
133665895183
133667766424
133669078145
133669078329
133669078370
133669078643
133670987929
133671061594
133671893096
133672935923
133673040957
133673100868
133673914927
133674675955
133674709200
133674755018
133675018657
133675771904
133675794988
133676563485
133676683833
133678697469
133678699038
133678773967
133679004893
133679040099
133679714911
133679740791
133679799302
133679966709
133682374308
133682378627
133683248620
133688959023
133690349663
133694085236
133694087202
133694087389
133694098840
133694098860
133696057147
133697100153
133707077086
133707077280
133707077353
133713588593
133716199098
133718721846
133723725106
133726186569
133734251316
133743290692
133743292736
133761753565
133761754995
133761863272
133761864425
133761865796
133761926235
133763789096
133764867174
133764867222
133771532522
133771618077
133772063524
133772451464
133796208971
133797372137
133817870193
133818919965
133832203151
133833137040
133833155485
133833195094
133836853128
133837762031
133837762112
133837762300
133837794612
133838665033
133839158081
133839161186
133839165573
133839165809
133839167035
133839355884
133844716738
133844805743
133844805770
133845833623
133845971188
133851672136
133851710084
133852799679
133852904567
133852911107
133852927593
133853652824
133853696105
133857556335
133859459167
133859602688
133860518424
133860518512
133860519434
133865068611
133877830799
133877830980
133877831509
133884679258
133884683755
133885629146
133885629379
133885630436
133885630808
133885630860
133885811048
133885811082
133885811714
133885812375
133886334555
133889035547
133889035825
133889036069
133889037057
133889037930
133889038411
133889041304
133889923918
133890898375
133890898602
133892236600
133896712032
133896712524
133897737475
133897739649
133897743120
133897745578
133902216552
133922622709
133922625643
133922625708
133922727725
133922727864
133923739596
133923739964
133923740340
133923740552
133923741117
133923743150
133923743330
133923895482
133937033683
133939658776
133939658842
133939659192
133939659234
133942229294
133942229625
133942799080
133942803011
133948972817
133948972838
133948973170
133949041485
133957093660
133957199721
133957442312
133958145384
133958260434
133958408000
133959326911
133964399954
133964438278
133965293652
133980246927
133982356172
133982384415
133983795631
134005898931
134006030622
134006053354
134006139604
134006169629
134007002215
134012194693
134012601772
134012672204
134013934106
134015766049
134026640057
134026696804
134028839212
134029663350
134032416552
134033618325
134040128036
134040135906
134042165123
134050473050
134062015550
134084205997
134093404253
134093431157
134093436958
134093514455
134100334652
134106049833
134106593017
134106593642
134107572722
134112553998
134112554588
134115000152
134115161308
134116671407
134117429485
134117538281
134120936031
134120936378
134147051079
134151641534
134153364102
134153517012
134154316301
134154557493
134154557992
134154558320
134157801813
134157848175
134158500350
134158608666
134158653863
134158664784
134170787974
134191654098
134191654637
134200687185
134202451575
134203774280
134203815181
134203815739
134207413561
134215237626
134248171933
134248253900
134251929793
134268777346
134347665740
134363085764
134366092876
134366347009
134366414588
134375551001
134375587894
134375797006
134377021045
134377160153
134377246411
134377282059
134377320579
134377335496
134377367936
134399043402
134408986560
134435690283
134449455360
134449458981
134454614301
134454618638
134454621986
134454627052
134454631952
134454638858
134458310608
134461136660
134469431567
134469541984
134481710142
134481711126
134481845225
134481916186
134481918414
134487698656
134489048951
134489748262
134489927829
134490910303
134491025934
134491026035
134499752442
134501772997
134503391070
134503393198
134503396121
134503399119
134509474206
134509477123
134509675788
134509679852
134512249323
134512250735
134513597980
134513599229
134519042310
134519044210
134519045318
134519057347
134519057581
134519072223
134519072231
134519075821
134519082499
134519083284
134519091369
134519099909
134519102244
134519103563
134519104467
134519109772
134519112465
134519112928
134519114393
134519115677
134519116075
134519119088
134519119148
134519122372
134519133394
134519134634
134519142751
134519159787
134519170900
134519172541
134519173787
134519175119
134519176252
134520086442
134527901799
134527902281
134527904398
134527904825
134527914011
134527915253
134529961566
134529962189
134530037807
134530060495
134535052331
134535117399
134535119158
134535119596
134535122410
134535126443
134535204244
134535245914
134535254435
134535428934
134536405507
134539162665
134541949711
134545716266
134545729915
134548107691
134548108607
134548218368
134548223835
134567070102
134567073965
134567220868
134568991216
134569742535
134569932500
134569933086
134576960127
134576981348
134576981909
134577340827
134610788154
134610798235
134610863143
134610963150
134610974205
134610975209
134612212011
134612243640
134612466699
134612493889
134612505381
134613744831
134613751630
134613886718
134614059889
134614943672
134614960006
134614973679
134614993018
134614996270
134615053673
134615186246
134624255107
134631602504
134632769101
134634228233
134634390587
134639312824
134640588445
134641761521
134641774829
134644323746
134658947512
134659924723
134659992323
134661334981
134661455736
134662542436
134666612721
134666870396
134667739982
134669110833
134669112512
134669131852
134670271056
134670292299
134671293760
134671302348
134671321813
134674670758
134678553555
134684197876
134684202401
134685271102
134689795542
134689814820
134689862761
134689993075
134690902541
134698672586
134708692569
134708951033
134711358085
134711957734
134722060847
134723439796
134723774034
134731935370
134732153553
134733566165
134735407884
134736380795
134736434855
134736647263
134736694319
134736694571
134737690724
134739038663
134744846005
134744869869
134745812002
134746211443
134746213761
134746215760
134746224292
134746225215
134746226976
134746234693
134746245602
134747242608
134747549577
134747552150
134747559779
134751153303
134756233297
134756242386
134756248761
134756305507
134756313101
134756446307
134756455898
134756461216
134756463844
134761261621
134761266443
134761267451
134761269385
134761269733
134769399753
134769400760
134769401959
134769402024
134769406037
134769411595
134769411646
134769412261
134769413768
134769414558
134769433721
134769448827
134769515566
134769517756
134769520480
134769526361
134769540586
134769562722
134769566530
134769626865
134769627265
134769630858
134769637881
134769643364
134769650352
134769655095
134769660118
134769662577
134769664460
134769664913
134770807135
134772140125
134773494507
134773705374
134781658226
134781729178
134782399748
134784283842
134784305409
134784327796
134784371208
134784393382
134784417274
134784421211
134784447623
134784459561
134784462498
134784818771
134787884581
134787886645
134787894885
134787908836
134787944633
134788787446
134788840194
134788842854
134788845088
134788848631
134788852130
134788884166
134788886695
134788935788
134788937288
134789096172
134789148166
134789148681
134789952120
134789953301
134789954776
134789983070
134790036827
134790087983
134790089145
134790173878
134791439046
134791439549
134791483476
134791609485
134791635789
134791648400
134791757674
134791760421
134791771578
134793075902
134793079121
134793106369
134793107736
134793288470
134793291520
134797333671
134797372463
134798506661
134801480024
134801480029
134801480849
134801494705
134801499896
134801525631
134801535526
134801551480
134801601978
134801615298
134801618589
134811555824
134811556702
134835168433
134835171493
134835171816
134839875322
134839875961
134839876729
134840921635
134840980293
134840987996
134841016110
134841261615
134843618551
134843618881
134843662886
134843663359
134843666345
134843666795
134843667141
134878822461
134878863210
134878864342
134884419033
134884457691
134884475100
134884483456
134884682538
134884742768
134884757710
134885878519
134885999700
134886048446
134887273941
134887281136
134887281441
134887281758
134887360686
134893881302
134893908652
134893909943
134893913999
134895140211
134896646182
134896648326
134896700673
134903356252
134903357361
134903363985
134903519001
134903531069
134904745793
134904748837
134914915207
134934256812
135129949708
135129953903
135130103379
135131504264
135131504585
135131505241
135131505628
135131510901
135131511719
135131512834
135131513619
135151957931
135159509165
135162600221
135169098538
135246297229
135250038964
135251644053
135251734789
135251739779
135251749320
135368277073
135385862420
135402996695
135405118065
135482831181
135483983602
135484109364
135485991860
135490197767
135490256816
135490258090
135490477947
135490481127
135490970820
135498309127
135515327777
135515399132
135515400936
135544945862
135545398020
135547006856
135551699058
135551704781
135551705055
135568801739
135577612532
135591650266
135595090558
135595118382
135595222111
135595250367
135598070302
135598290573
135601110542
135617484952
135617549602
135617754506
135631449606
135631458368
135631635032
135631693572
135641387721
135641387738
135641393351
135641395421
135641399653
135641403046
135641418926
135641419028
135641419062
135643737494
135643739052
135643742487
135643748194
135643759229
135643766590
135643766591
135643767095
135643788460
135643798690
135643821171
135645587726
135645594710
135645596167
135645613365
135645617711
135645623448
135645640040
135645640092
135645640360
135647375587
135647385931
135647391613
135647394182
135647413519
135647423207
135647424425
135647425817
135647427626
135647427886
135647428115
135647431105
135647432690
135647436170
135647437791
135647443710
135649236005
135649259572
135649260396
135649287247
135653979840
135653981242
135653983001
135653988740
135653989862
135654001613
135654003737
135654005544
135654011341
135654014649
135656181772
135656182807
135656189957
135656192610
135656199698
135656200297
135656201978
135656204059
135656235392
135656237568
135656268136
135656271275
135656271496
135662598280
135662618720
135662621705
135662622788
135662622880
135662914799
135662916272
135662920811
135662923535
135663218069
135663219485
135663223595
135663234984
135663259229
135663276834
135663481038
135663485984
135663486707
135663490247
135663493735
135663508263
135663521969
135668139908
135668140309
135668141733
135668147874
135668149461
135668155022
135668156835
135668266644
135668272279
135668272904
135668276630
135668280459
135668281639
135683037792
135683038655
135686087910
135686088932
135686101434
135686102026
135686201572
135686203741
135686204166
135686207769
135686209883
135686210237
135686213106
135686225213
135686351196
135686352085
135686373143
135686381719
135686417727
135686447468
135686464645
135686468478
135686599073
135688709349
135688709667
135688709950
135688711843
135688712196
135688712954
135688713613
135688717873
135688718922
135691053290
135691185489
135691187494
135691195380
135691347764
135691349915
135691406769
135691499242
135691722472
135691737611
135691758290
135691764513
135691834415
135691855675
135691864530
135691873965
135691888674
135699588385
135699629114
135699629125
135699635290
135754399841
135754597999
135784531668
135797462021
135798019812
135798023371
135798024303
135798070507
135798084710
135798092496
135798148156
135804008494
135833803704
136051237770
136058052215
136090937862
136091460244
136096514789
136096515134
136096600570
136101770558
136101770750
136130674690
136131741525
136131857507
136170042177
136170042216
136170045700
136254101192
136516528385
136516542624
136516550352
136516553015
136516558077
136516571467
136516571500
136516571639
136516571782
136516572140
136516572453
136516575543
136516581824
136516618547
136565955454
136697988971
136837741670
136842988525
136851705019
136858861274
136858861399
136858861406
136858861500
136858861717
136858861896
136858861897
136858861975
136858862897
136858863087
136858863340
136858863414
136858863898
136858864150
136858864635
136858864637
136858864701
136858864812
136861391551
136861391774
136861392477
136861393443
136861393559
136861393863
136861393894
136861394789
136861395351
136861396828
136861396838
136861398667
136861399062
136861399960
136861400733
136861401275
136861402008
136861402624
136861403206
136861405647
136861407491
136861416585
136861420465
136861420795
136861423082
136861430508
136861432386
136861432434
136861433355
136861434137
136861434430
136864580157
136941788395
136941788396
136941788839
136941860555
136941921369
136942021039
136942059095
136942117759
136942129072
136944577542
136945050302
136945149658
136945320925
136947711089
136947711102
136947800231
136951559905
136951575637
136951629327
136951678524
136951795387
136951795399
136954460078
136954604873
136954605404
136962300922
136962323206
136962337571
136962434590
136962472329
136967376501
136967376510
136967376668
136967377051
136967377864
136968126398
136969069300
136969206920
136971920414
136971978115
136972115444
136972124464
136972154653
136972224136
136972300754
136972302372
136972302704
136972306113
136972323377
136972323451
136972332032
136972366108
136985282890
136985788922
136985940030
136985986541
136986017194
136986020088
136986023281
136986049019
136989986335
136990014943
136990018731
136990060137
136990110661
136990110844
136990110993
136992073316
136992102289
137007378430
137007429679
137007486081
137007491765
137007548482
137007566071
137007578276
137010423354
137010489573
137010569424
137010569564
137010569687
137010569729
137010578285
137010638862
137010656810
137013166616
137013706142
137013744376
137013777350
137013787848
137018310672
137018314059
137018318602
137018319049
137018322240
137018343475
137018343782
137018349209
137025846088
137025931400
137028147065
137028150591
137028222338
137028232150
137028246884
200791484862
371264650174
371312578218
371326063249
371440260989
371463969102
371564948745
371566582623
371566627631
371572458362
371573229584
371573295076
371573309488
371589589243
371589701343
371592181569
371600295977
371609201473
371710645556
371767405447
371777461165
371779035098
371779035555
371850491110
371850491947
371866996999
371967895864
371980820525
371987047085
371987453468
371988298016
371988325613
371988530514
371989937270
371989970143
371990011819
371990100561
371990101398
372055954162
372066306882
372067399765
372068467350
372074074196
372083414597
372083420338
372207222808
372207340663
372207349454
372213116586
372213719644
372215786267
372216232699
372216233137
372217271538
372217277338
372218246815
372218297732
372236561581
372252016867
372330580754
372395362930
372463446466
372471177503
372534158779
372534384424
372538695736
372538733663
372560612380
372562026066
372570927774
372570933132
372570936497
372576826674
372576829720
372576831423
372576831973
372576832419
372597207734
372600431761
372612878915
372619538277
372653482370
372659550356
372664096259
372664099256
372667412854
372667457783
372683677781
372685639122
372686232707
372689069305
372689454681
372701542541
372729060118
372732385979
372769129448
372846414867
372857814244
372858601069
372859199485
372861025394
372864104238
372868622249
372878466379
372879256399
372881988962
372914653008
372914822999
372922740139
372922752845
372924894626
372924920626
372924955872
372924960656
372930230595
372930245816
372931771635
372931834332
372933664212
372933928965
372934028543
372934038503
372935105322
372935292304
372942148453
372942154008
372942160790
372942162675
372942189748
372942265831
372942273669
372942291942
372942311970
372942356122
372943382512
372943383837
372943417537
372943493943
372943502363
372949255125
372949273742
372949288780
372951823040
372983747600
372983783654
372996213331
372996326963
372996431457
372997384355
372997471841
373041835853
373049181930
373078183824
373108465882
373114310050
373115580078
373128642468
373128646487
373136617367
373137183673
373158928363
373159290439
373165974764
373166042573
373170484024
373185967369
373187019378
373198777654
373211013111
373211090376
373215319513
373217348986
373217422887
373217760967
373231408444
373231466254
373232899242
373245834014
373258358640
373259752342
373260217931
373261309810
373261370549
373268385639
373305241177
373364584102
373368333702
373372406097
373377114651
373378407137
373380711270
373395573712
373411685443
373417941365
373419851620
373420004098
373423237189
373440493680
373440494086
373440494279
373440494347
373440494644
373440494686
373440557877
373440557878
373440557969
373440558157
373461581040
373461581735
373461581820
373461581902
373461582147
373464586328
373464586343
373464784319
373466127434
373466127501
373466127668
373468852232
373468852324
373470111662
373470139855
373470174535
373471828625
373472740744
373472880254
373474140517
373474153113
373474214494
373474218357
373476641759
373476817314
373476937164
373479173573
373479481380
373479542829
373480508693
373480515523
373480564071
373480736044
373484736704
373484739318
373484985497
373484985507
373486999156
373487199467
373493511708
373497872156
373498478874
373498488005
373498490306
373505448062
373505516860
373526337523
373531683403
373532051427
373532052571
373538930165
373538930562
373578893006
373581150695
373581322365
373582505319
373584526792
373592529495
373592599354
373593261789
373593567775
373593567917
373593568272
373625373021
373625665793
373648582196
373650368405
373665026973
373668930829
373668930848
373669176259
373670177631
373671410859
373671417431
373671630128
373679095174
373681084784
373687914547
373688130734
373689556238
373690240640
373690322644
373690527336
373697820507
373697820630
373699109593
373699381702
373704966094
373722608857
373722608953
373731149026
373732081973
373732082205
373732285583
373732287722
373736707906
373736708302
373739601775
373741288344
373747981106
373747982428
373747984557
373749266843
373749268907
373749269129
373753039211
373753040650
373753040973
373762887130
373778018442
373778020005
373778020335
373778021285
373778021581
373778028057
373778171065
373779317077
373779318524
373779551018
373789695093
373797706512
373801523638
373801585229
373812113993
373812114131
373818411668
373818419354
373818425751
373818425933
373818579580
373818802549
373819979773
373828217581
373828309115
373836384123
373837073996
373850906448
373850906596
373867215619
373869229725
373869230100
373902273762
373904023429
373904158788
373904160490
373904213257
373904297988
373904305559
373905839850
373905890391
373906661629
373906745797
373912103562
373912233866
373913087747
373933732453
373933791679
373938338423
373943173836
373945239727
373946028992
373955545229
373956105301
373957793521
373957923893
373957926364
373987864389
373987964199
373988043871
374016760972
374057683237
374057686957
374057687479
374057687690
374057700241
374067008633
374067009307
374067288828
374073439920
374073474166
374073567888
374073601868
374073603084
374080221148
374080490972
374081750834
374092844957
374130654927
374134526396
374134554579
374141116821
374141159326
374141375877
374146588366
374146772149
374147118495
374153373816
374153649404
374153693504
374153786182
374155045329
374155047141
374155127270
374155180941
374155249224
374155354834
374192740716
374203160668
374203161040
374219061801
374237034046
374275751335
374305176965
374305265619
374321101919
374330311717
374381291018
374390032523
374418682244
374418920661
374418948786
374419080673
374419098909
374422166864
374439856072
374441642102
374441642914
374442449480
374442453427
374456178627
374465753055
374504559459
374512353523
374514048452
374514064023
374514125076
374517915449
374519867076
374519879050
374519887054
374519888560
374520014985
374524901814
374526388989
374538842371
374539077092
374552216103
374554136057
374554136233
374563412604
374564924740
374565257434
374566874725
374567659046
374567682812
374568611118
374568988813
374572573924
374572586500
374572804228
374581354127
374581357995
374581364074
374592970730
374594913061
374606371008
374606524868
374606528689
374606536291
374606537041
374606576227
374606581739
374606582602
374606588433
374606588787
374606594526
374606605718
374606608012
374606608123
374606654395
374606656802
374606659485
374606667703
374606670136
374606696112
374606704517
374606711293
374606718187
374606732520
374606747102
374606750661
374606753844
374606758668
374606835589
374606838537
374606845500
374606857273
374607083554
374608219037
374619242355
374624023917
374624035337
374624035521
374624037734
374624152645
374628051803
374631572451
374637472994
374637514231
374637603629
374637829388
374637832539
374637842186
374637851186
374660730376
374660734617
374660738497
374660885678
374660913482
374660916046
374689037216
374689042258
374691882568
374691883785
374692041251
374692077786
374692116403
374692116491
374692116680
374692142747
374692846774
374692848463
374692989580
374692989858
374704363322
374704872054
374753888386
374753903951
374753943078
374753999584
374754071466
374754079600
374755548716
374755552865
374755592611
374755620809
374755923403
374755925467
374757547683
374757573780
374757589014
374757615759
374757643271
374757839073
374757992181
374757992500
374757996285
374759048856
374759084071
374759090068
374759343988
374762183482
374762433781
374762446556
374769477822
374769595471
374769596722
374771443269
374771443501
374771443895
374771568306
374778824201
374778825693
374782949444
374794160386
374798598398
374810393789
374821830029
374821946028
374821947117
374824349912
374824351174
374824474726
374824474832
374826796324
374835064945
374835441503
374837297565
374837479231
374837689278
374838028111
374840283575
374840360367
374840369380
374840377509
374840400058
374840415730
374840599610
374842260273
374842265628
374842320999
374842377396
374842379236
374844624057
374844634657
374844656542
374844689770
374851070056
374851071059
374851071302
374852992273
374858096526
374869479393
374871655580
374880728392
374880749888
374881033316
374883299490
374883368541
374884810520
374884853066
374884865049
374907880434
374908183724
374908234040
374909747716
374911652463
374919318655
374925252386
374926872227
374926872246
374926874543
374926875879
374926876592
374926878952
374930042868
374930347215
374931397784
374936238876
374937914843
374937935659
374938634004
374940290409
374940292922
374941738111
374941738961
374941767308
374941915623
374943958536
374945054175
374953533275
374954060470
374954062413
374954063933
374954066358
374954077436
374954083083
374954083966
374954090868
374954098895
374956657738
374956659546
374956660726
374956663164
374956668896
374956677353
374956717972
374956723725
374966174747
374966204302
374969820301
374969979547
374970016116
374970028872
374970030659
374970211128
374972321365
374977879401
374977883877
374977891378
374977892062
374977892603
374992164725
374992165466
374992172088
374992172348
374992206827
374992297271
374992309588
374992398131
374992478670
374992494158
374992499367
374992500723
374992501676
374992514281
374992524439
374992532908
374992534163
374992545012
374992545957
374998639471
375011238079
375011238964
375011402350
375014002097
375016121067
375016157410
375016161753
375016162284
375016162598
375016181526
375016187537
375016311645
375016315340
375016380385
375016449829
375022335680
375022336697
375022338265
375022343148
375022343404
375022345158
375022407515
375022418409
375023990227
375024122714
375024122768
375024123020
375024443753
375024458049
375026310761
375026385323
375026527148
375026530254
375026530718
375026722913
375026729250
375026789838
375028814110
375028863455
375028866492
375028999963
375029041897
375029042549
375029161661
375029166210
375031273785
375031274087
375031296019
375031296415
375031329653
375031377647
375031628052
375037939748
375039831045
375039833767
375039991098
375044661733
375044670627
375044787380
375044828389
375044831776
375044854217
375044915508
375044976994
375058044391
375060085866
375073992862
375074012286
375077917631
375077918053
375077918276
375077918698
375093848915
375093853285
375093856713
375099888804
375099889345
375099892033
375099892648
375099893172
375101640812
375102138685
375103562421
375105752964
375105755823
375105806671
375105826535
375167667071
375167674809
375167685187
375167690600
375176895586
375176938788
375177109042
375177111053
375177112633
375177113045
375177113953
375177129969
375177130795
375177193446
375177360619
375177414924
375177422067
375179944779
375181947730
375181955534
375193053038
375193054014
375194856602
375196842610
375196884363
375196887213
375196965397
375208842852
375209104885
375209109788
375209129393
375210863537
375518796657
375518797404
375518798074
375518799943
375518802106
375518804944
375518806702
375518807748
375518810370
375550597101
375550833042
375550885614
375552204529
375552207771
375552232058
375552241288
375651542809
375653229562
375653245428
375657245656
375657412689
375755009597
375782173910
375800318531
375822047726
375895564492
375902479822
375906565776
375908731616
375912714803
375912750267
375912871099
375913241437
375914527500
375914844945
375924493514
375939590439
375941808953
375942034095
375947117701
375991085337
375991085340
375991085368
375991085444
375992841984
375992842117
375992843286
375992843995
375992846287
375992853888
376003226490
376003226581
376010870914
376020912813
376026326827
376038356471
376060919739
376062998692
376087838525
376087838943
376087839214
376087839888
376087840119
376087840905
376087841401
376087841696
376087842239
376087843094
376090284556
376090286816
376090311979
376090334944
376090335708
376090338876
376090375226
376090375862
376092689785
376092692857
376092700263
376092706889
376092709325
376092715072
376092718376
376092720131
376092726829
376095196535
376095202162
376095206863
376095216915
376095224139
376095232674
376095237041
376095246303
376095249273
376095250511
376095252790
376095257646
376095261326
376095264868
376097525582
376097529135
376097530344
376097533276
376097536612
376097545143
376097638219
376097639327
376097645613
376103692761
376103694905
376103722232
376103722705
376103722751
376103734119
376103748976
376103759547
376106789944
376106790478
376106794623
376106817600
376106926252
376106927662
376106928376
376106934181
376106946894
376106948405
376106949055
376106951047
376114218796
376114228867
376114255739
376114258750
376114542277
376114548810
376114553080
376114557122
376115026398
376115035822
376115041289
376115042593
376115063599
376115071763
376115118077
376115711020
376115721722
376115726738
376115758627
376115760363
376115764335
376115766374
376115773533
376115778808
376115779459
376122743539
376122750991
376122753492
376122760753
376122760765
376122763057
376122770894
376122984886
376122990167
376123010597
376123019898
376146205122
376146205615
376146687366
376146696165
376146707540
376146716320
376146720276
376146735532
376146764547
376146766153
376146767461
376148924219
376148927203
376148930925
376148938546
376148951707
376149063128
376149084957
376149085348
376149086307
376149275931
376149322431
376149370249
376149380276
376149383681
376149601393
376149603191
376149610901
376151930441
376151946179
376151949357
376151969246
376151986052
376154241854
376154251923
376154379210
376154431880
376154466796
376154470658
376154473043
376154479642
376154591691
376154597840
376154661032
376154674621
376154962410
376154965417
376154989032
376155006248
376155091530
376155134739
376165397287
376165404699
376165412795
376165425152
376226084420
376241638539
376241730239
376247586563
376250390282
376250638861
376250673455
376253031534
376253032120
376266761681
376266762431
376267144125
376360597379
376363964493
376363981717
376380693871
376388973779
376392867281
376393074376
376394922506
376538374518
376579923013
376579924858
376579928261
376579931429
376579936250
376579938697
376579945747
376579946646
376579949771
376579956947
376784569530
376784569819
376784570982
376784571497
376784571509
376784571862
376784572051
376784572231
376784574899
376784575284
376784575317
376784575578
376784576280
376784576970
376784577279
376784577327
376784577509
376784577525
376784578350
376786619463
376786619920
376786620297
376786620826
376786621301
376786621675
376786621720
376786622790
376786625153
376786625351
376786626195
376786629684
376786632126
376786632864
376786632951
376786634615
376786635622
376786635661
376786636598
376786639155
376786639442
376786640045
376786640481
376786641594
376786642189
376786643220
376786643680
376786646473
376786648061
376786649969
376786650725
376786651246
376786651584
376786651621
376786651897
376786652597
376786653868
376786654188
376786654364
376786654386
376786656822
376786658495
376786658523
376848970388
376858680166
376858680689
376858680696
376858735582
376858736029
376858738179
376861586862
376861660801
376864325803
376864380702
376867540405
376867724671
376870120777
376870155008
376870155181
376870155803
376870175171
376870187185
376870352629
376870372311
376878173530
376878209980
376878209989
376878290602
376882663240
376882663257
376882663815
376882667075
376884110616
376884110683
376884138257
376884138282
376884155792
376884507967
376886517591
376886517676
376886572473
376886577388
376886600998
376886633445
376886634806
376886646048
376886660216
376901682172
376902107775
376902158708
376902162912
376902206691
376902207845
376902238029
376906625170
376906629884
376906643680
376906712324
376906715531
376906726207
376906746869
376908767808
376908778183
376908801796
376915669325
376915719204
376924963376
376925070875
376925090673
376925190113
376925228766
376925260111
376928330398
376928453305
376928552139
376928554463
376928605896
376928605898
376932174086
376932183707
376932519401
376932524261
376935635006
376935645650
376938221622
376938221770
376938227744
376938241251
376949056540
376954073627
376954075625
376954078774
380703277722
380721683758
380735924419
380834564488
381376599723
381391892038
381396073444
381558596753
381559674570
381567888828
381568023556
381588060938
381604699585
381608858442
381819998710
381833186465
381835398248
381940480056
381965379193
381965385631
381978555741
382010095554
382119381376
382126686843
382126785576
382126886465
382134131520
382134341783
382134343047
382134887738
382135409131
382135799695
382137022057
382140547196
382140592790
382145951653
382167501541
382208154604
382214250648
382219760812
382348528887
382358408682
382359253902
382360573442
382363135022
382366834848
382366878241
382367315425
382374837884
382374838777
382377075650
382377142313
382377160323
382390845458
382390861858
382390872683
382429207989
382550288440
382611624899
382619951665
382668433644
382668439234
382670231276
382685882401
382715332883
382715639090
382716900208
382724332060
382724332406
382724333519
382734719192
382734891574
382743931503
382748003915
382773089249
382798653637
382823295128
382826015644
382842240577
382878931975
382878957642
382879456849
382904669684
382941211492
382942693101
382943889207
383004140892
383019031197
383090165119
383090415386
383144239538
383150456551
383150470905
383150717878
383159133061
383201740102
383288103285
383289348739
383289867125
383291277733
383291315900
383292522933
383293424907
383298088056
383302901814
383302996301
383304560881
383307806294
383327683628
383359130388
383362809463
383363066643
383363186586
383363193152
383364471638
383368104550
383372343721
383382585675
383383945542
383383986038
383385826259
383385868996
383385869415
383387328024
383387333396
383392894257
383392940522
383394565473
383396072069
383398011339
383398064782
383407685042
383409039307
383409052895
383409112998
383409117243
383457831767
383457874645
383458039173
383473051719
383473114999
383473129135
383473319929
383473429974
383474313911
383532464623
383532493544
383542119387
383547891247
383547906994
383547927782
383581443631
383592749896
383621223268
383621487506
383622744720
383632560718
383632693307
383632874198
383651259186
383651263531
383663967529
383681710735
383683975147
383690483477
383715153452
383715178722
383721322581
383723324104
383723363314
383723434947
383723717797
383725068783
383726634988
383732119329
383737440263
383737475737
383747133684
383755229201
383755232357
383770461848
383840931925
383842374524
383867664520
383894941537
383896183869
383898903647
383898929553
383903116036
383916511684
383920429040
383920429645
383920548303
383920548423
383920548456
383920548619
383920663585
383953975716
383956355632
383956904399
383957190802
383957191841
383957193896
383961514176
383961560081
383961560093
383961560194
383961560262
383961933147
383964324380
383964324524
383964324559
383964324631
383964324705
383969066743
383970663981
383970952832
383971088048
383973444093
383976393918
383976675601
383978975755
383979592162
383979663525
383981920756
383981943335
383989373108
383989479680
383989783452
383989831539
383989841188
383991754197
383998059407
384000193166
384000197184
384000534057
384004390802
384004390829
384023888218
384025092131
384032621326
384032621331
384036540848
384064654639
384064654984
384064675448
384064675645
384064675890
384079464640
384079464704
384082837745
384083390390
384093740129
384108333636
384166657180
384166824387
384168449142
384172476994
384172477124
384186017017
384186120501
384186185604
384188192377
384188192622
384223150762
384234420666
384237423759
384237831114
384260184880
384262098266
384273837975
384275609221
384299388684
384299978502
384301866246
384301909027
384310310113
384312113951
384312120314
384312121778
384320942248
384322270148
384324270627
384324278954
384338026227
384338218768
384338219441
384340348317
384340394622
384341459135
384348516325
384348516471
384353433283
384353773611
384353774259
384353774385
384353774396
384366042577
384381254449
384396480674
384404818527
384410105774
384410106888
384416529558
384419864154
384419864594
384419864731
384419911130
384422344287
384422344951
384422345705
384422470558
384429508494
384431827698
384431828795
384434268864
384434270007
384441259016
384455582428
384455584955
384457167144
384479962961
384479962985
384479964424
384479965122
384479965221
384479968206
384480120775
384481737566
384481737775
384481959766
384481960114
384481960424
384481960466
384509837215
384509837555
384509837574
384509837982
384509838078
384516068731
384516069874
384518185459
384554930234
384555853046
384576380917
384576423868
384576425102
384576436102
384577949331
384580915036
384580916849
384581220873
384581226682
384624984137
384626661392
384654567971
384673525556
384673855442
384675214705
384687722162
384687725367
384690058963
384700706752
384702055150
384702617921
384703884414
384704017571
384707509945
384707920229
384711130346
384711142478
384711323059
384712380224
384712582373
384716014690
384738619748
384738621772
384741989410
384742978044
384760348911
384761848573
384761848689
384762551380
384768511344
384829065109
384830539423
384831359793
384847264647
384847440372
384860509404
384870654244
384870655677
384870656888
384870661246
384871490895
384880070619
384882306051
384884032357
384884068244
384884129098
384884129346
384885434709
384886916019
384892395974
384909359220
384953233992
384953428748
384964457072
384966458870
384966773824
384967162392
384967162554
384967162867
384974634199
384974903373
384974951843
384976741684
384976860639
384976865274
384976893971
384977081877
385027367836
385070088139
385070181296
385092276763
385092615021
385092686048
385167393908
385174768268
385292599978
385292600513
385305197932
385307152477
385307158622
385307165187
385307173917
385307185384
385307198297
385308660664
385357854130
385360459425
385385130056
385399180959
385399209126
385423943748
385423973386
385434759946
385449874106
385464678509
385466709997
385467789091
385469065348
385469093385
385469186598
385469187267
385469188237
385481017310
385483378684
385489807672
385498732716
385498738401
385498744147
385508666660
385508667050
385513195641
385525422620
385525619182
385525624595
385525625476
385525625842
385525637814
385525639327
385525639653
385525642312
385525646570
385525647705
385525648863
385525660800
385525665555
385525671595
385525673248
385525674913
385525676026
385525677367
385525678312
385525682466
385525687070
385525691570
385525695553
385525703350
385525709639
385525717239
385525723993
385525733698
385525735623
385525739412
385525749320
385525765635
385525782846
385525813457
385525814391
385525817946
385526967498
385529719303
385529720924
385541436647
385541437556
385541438697
385541447119
385541448975
385541451327
385541456319
385541634553
385544707772
385544711796
385544869725
385544901191
385544901283
385544902384
385545151760
385545152592
385553125524
385553131404
385553134322
385553138793
385553142012
385553301900
385553393143
385553396544
385553397666
385575926462
385575928143
385575929066
385576168828
385606713145
385606874890
385607798870
385607873909
385607931510
385608848367
385608959145
385609120962
385609316522
385622080511
385622700933
385680002112
385680002784
385680007135
385680027809
385680083532
385680095468
385680161952
385681167853
385682003758
385682227129
385682621042
385682643428
385683434661
385684554663
385684682570
385684859085
385684879559
385684897251
385684933463
385685064771
385685114777
385685120131
385685124973
385685145675
385685151835
385686742751
385686756036
385686836546
385686950920
385686968173
385687143647
385687310882
385698962781
385699662795
385701576616
385701749857
385701923921
385716489500
385718957346
385733323900
385733676622
385759320829
385793398477
385793770769
385800839997
385800850273
385807755140
385828370692
385828372281
385829461019
385836188061
385836685529
385838407522
385845020485
385845248519
385845376746
385845458503
385845463545
385845494111
385845697266
385845749672
385845896446
385850914376
385850978707
385851056262
385857792486
385881727860
385890663792
385931190658
385937475172
385944569659
385965394410
385965615104
385970720170
385970833359
385971295553
385976911209
385976980333
385977039725
385977090245
386016009589
386016010583
386064515175
386084333143
386087846346
386110172239
386112605154
386112605175
386112606023
386112606889
386112609003
386112609798
386112611506
386112981317
386117926005
386119962796
386126843771
386129422044
386132605497
386132610980
386132620845
386134440761
386134446162
386134551874
386134822102
386134836978
386134934602
386135038402
386148963550
386149684540
386151568009
386152037571
386152043344
386152048904
386152050576
386152051128
386152053890
386152058862
386153940803
386154575136
386154577166
386154579507
386154580732
386154583380
386154584732
386154585729
386154591467
386154592919
386161244646
386161264692
386170408525
386170443677
386170449982
386170457366
386170497532
386170518437
386170628044
386170648250
386170654908
386170662148
386170973645
386170976062
386171001228
386171018260
386171024422
386171031365
386181833804
386181868764
386181870972
386181907545
386203280625
386203290434
386203291318
386203292026
386203294698
386203295075
386203295333
386203298271
386203310292
386203314022
386203368004
386203369771
386203394007
386203491951
386203493067
386203503185
386203508421
386203510428
386203511488
386203520668
386203549517
386203550135
386203555658
386203569886
386203746730
386203749687
386203752508
386203753305
386203757647
386204257696
386206129662
386211002804
386213939950
386214017299
386214034877
386230258122
386233018155
386233091720
386233092071
386233113642
386233121601
386233276021
386233293756
386233345330
386233392177
386240629383
386240634357
386240639942
386240658643
386240663565
386240725636
386240726804
386240814086
386242594269
386242600141
386242600214
386242712847
386242714236
386242929520
386242959154
386243045843
386243349354
386243383302
386243527347
386243528542
386245642274
386245645933
386245822267
386245826853
386246021772
386246115244
386248301398
386248301758
386248303196
386248527802
386248592006
386248608530
386248855535
386248879470
386251519354
386251583342
386251601693
386251605921
386251683492
386251761892
386252013160
386252022246
386259140733
386259144952
386261569454
386261589068
386262028567
386267576014
386267727118
386267736435
386267825314
386267870433
386267951281
386285491725
386285492029
386285497672
386288124483
386311275268
386329432337
386329433369
386334689109
386334696997
386356329953
386356359124
386361685519
386362088466
386362169925
386362178721
386362191114
386362218064
386362476452
386363701327
386363706885
386363713354
386376407017
386376408077
386376570199
386376587679
386376751243
386376760386
386572338160
386572551410
386572551611
386572773434
386599932861
386599983575
386600165809
386600169159
386600234306
386600251841
386601025646
386601032394
386606951829
386606954393
386614767797
386615420289
386615748239
386654151165
386654547747
386661912142
386662333079
386662342551
386662347529
386662384699
386695597733
386695760802
386695762544
386695841204
386696460767
386698745339
386701522222
386701522309
386709357641
387162140445
387162142142
387162154283
387176915761
387226470290
387230732268
387235878490
387273074775
387384774987
387391211779
387448037280
387562673773
387567038006
387567041964
387579482458
387579485386
387579508315
387652232661
387655917348
387779463274
387795666674
387801025443
387804766863
387805683179
387805689672
387807966424
387933796508
387933796524
387933796973
387937342051
387937344365
387937345313
387937345443
387937349192
387963474438
387963909412
387993428642
388020667375
388020672319
388027269673
388027914525
388032539562
388038232907
388071164596
388071165895
388124361108
388124414660
388124415205
388124415890
388124416148
388124416685
388124418003
388124423545
388124431675
388124444231
388129999312
388129999552
388130013837
388130062058
388130071124
388130079422
388130131758
388130153526
388130158631
388134922190
388134936336
388134953488
388134977484
388134984045
388134984239
388134985725
388134990122
388134996155
388135006036
388135008950
388135017313
388135019352
388135027452
388135028909
388135033595
388139330205
388139336969
388139339368
388139358217
388139384964
388139426239
388143694183
388143727774
388143729962
388143788884
388143852469
388143852539
388143900742
388156324802
388156325552
388156333607
388161135079
388161144467
388161149464
388161155816
388161158908
388161161423
388161168757
388161217625
388161218201
388161223388
388161224189
388161228710
388161231282
388161392670
388161395269
388161410737
388161425964
388161442205
388161442736
388161451377
388161453979
388176020551
388176036816
388176091922
388176482450
388176485578
388176523875
388177039842
388177059177
388177068319
388177076207
388177085567
388177096511
388177811267
388177844301
388177847693
388187579949
388187584736
388187911541
388187913519
388187925630
388187930471
388222211564
388222214910
388222222760
388222583647
388223159713
388223179894
388223206511
388223237704
388228438843
388228481756
388228492452
388228637610
388228642697
388228643999
388228650344
388228655740
388228659019
388228689064
388228986008
388228989478
388228993582
388229002934
388229007247
388229010008
388229011198
388229036594
388229051307
388234204694
388234216303
388234235565
388234258294
388239205297
388239522028
388239558117
388239581887
388239609856
388239943862
388239964717
388240705360
388240718125
388240885803
388257462164
388257485483
388355520608
388355531073
388355929251
388376014950
388376022106
388376049404
388404733553
388404832084
388404835771
388414432203
388415017632
388420038597
388420518550
388420566228
388420572635
388420594746
388424464946
388424470943
388425484800
388448927504
388448928200
388448929000
388491063137
388516106733
388631291508
388631324706
388631330614
388659381743
388663119928
388663261509
388663261532
388667678700
388679857950
388687564119
388687827587
388688206128
388688212924
388721250177
388782852163
389022194013
389022202293
389022202544
389022209774
389022222939
389022223950
389022225987
389022230486
389022231159
389022234116
389022238064
389022243437
389022243901
389022246108
389363986619
389380010902
389383334781
389383338560
389383339116
389383343042
389383344176
389383345177
389383345709
389383346909
389383346918
389383347380
389383347656
389383347657
389383348005
389383348262
389383349784
389383349802
389386255193
389386258331
389386261773
389386263680
389386263816
389386264833
389386267664
389386267744
389386270323
389386271960
389386272165
389386274984
389386275192
389386276752
389386282126
389386283040
389386283776
389386286172
389386293280
389386299614
389386309181
389386309236
389386312729
389386322080
389386323517
389386325479
389386325539
389386326043
389386327623
389386327742
389386328352
389386330599
389486411567
389486411861
389486439038
389486439532
389486439545
389486586055
389486814966
389490744669
389490873732
389493900333
389499176402
389499211673
389499211782
389499251249
389499313890
389499327264
389499368843
389499375058
389502447607
389502471335
389513329462
389513338239
389513351995
389513504696
389519986524
389519987376
389519987422
389519988307
389520867321
389520867371
389521287953
389521809396
389521948681
389522006614
389522091516
389522223236
389525165889
389525215184
389525266566
389525274308
389525290656
389525295093
389525302464
389525305173
389525364389
389525426603
389525446400
389541556473
389541556558
389541692086
389541696186
389541713162
389541830620
389541863203
389547042985
389547043395
389547070242
389547073186
389547090329
389547090437
389547091755
389547094901
389547101259
389547126912
389549504075
389549509836
389549531611
389557559210
389557637931
389557649115
389557663252
389569891903
389569934557
389569959164
389569996108
389570044230
389570048078
389573662014
389573852053
389573856215
389577875503
389578376775
389578381770
389578381842
389578454317
389578455741
389578455979
389578457007
389578458738
389578458806
389578460555
389578460670
389578478185
389578529262
389578538108
389578562374
389582276085
389582290428
389585846387
389585849953
389585852473
389585866355
389585870663
389585874998
389585877037
389598504511
389598677821
389602578353
389602745854
